$ANSIBLE_VAULT;1.1;AES256
34343336663538646334623139346463643534636161336436653565323964396238343033343161
6437663536613962663438373165383133653864356636660a353437393736313837616630616331
65663861633837396664336430316438313736313833396664663033666530356264363934623265
3236343162383263350a333435323537346635326439393963386238646166303835343335343635
61376533643031393631346165323135643036643839633534336532373466393139383132633135
32373065383531323434323031653432643666336437373461666234643330356232376338646234
33356332306661633730643234383133343139393262346232323332636562336132383063663339
61663461636233333033393731343938323636356539633037306163343964326333393366666564
31623530666561326239323635633066633334343462333262353264383166623730663366376164
65373461343933653661353733313232386166336263376134363964393262323463383331623733
38373233343763636136306632386265373137393535326237313630333737316262663936353561
65323863633538363531376237666166383661333135633238346539326136393635356432396564
36313465643138326631313463636231653235616661373762623534303434366565343563373033
31633631376566626535383536346638666665376664613930303564646538666237323430393564
33333234646538373738636438363066343435336666386230376266653064326663383264653863
66623662323039636534643733373338383335396438386464393736316462383635646465373035
66663538333032386665316234303634633634623135303263343737623234316234323831633435
34393465353734353066376132656633343332336264343264313039303330663636626637623434
65353835656366323131643739346566363664373863323633383065353432633330636166323039
35656137303034353336393234646636663364336536653162623732363962393666656534373362
38366461356537346531626664346634643362373664316132356131646265396666363966346136
36393464313366343162343365343164353861633530646463333937663433393362333730646231
32643766323536376563323436663866646632633437313935353965376231326135316461643166
32336666663763663261643864643332376331643130636631393762663730353662636665336266
36653563383634306331663861613736383535306461363832643163366633303336633064643364
65646232653239343838303539336431643465393164366539623165356162373063656431346364
323831313465383333303638666365613739
